$ANSIBLE_VAULT;1.1;AES256
32616563396233333163613365653934313038626265396163343864333838333965303639396537
6639653834373961303737666261303864666562316636330a663535346563653065623536316135
65343736343132373635323363316262373438613661303664636635386632356430383734336233
6631653338316463350a373964383637366330363434363238666564343334366339386635346634
38346665326165346363323636363865393839653863623161366630623034373062376465326563
63383739623933656639623038653234343432636162313766303832613634656337303538626566
31313637333533616462363239663563616636313537353162373130396137366139643334633831
39313833346561363565336662646637633030343461653738326539626239393435323534636361
66373065643461383433663639633632666234303864356636383562363439623539363565356366
64663139666538663966333638323164306263623638613736333039313465393732353232396364
38363634336566383333643236346336633430363137666631323036616134346363626133626334
37366266346432623565343761303965316262643034656530653838306164643765626265613531
38636236373230373434313466636437313565396337386438346164393233666663663166326636
39626234343035623762383261633335323166373936333230643766396131343731666663326665
33666531616164643435363930653235323661316261663863353530643833656333366265646533
64363938626361396663653637626161396262636162363066613564346365656130646164373866
32323232313337353364303761653936313262636130333430326130343234333861343733376331
66666235346539616330333537323036356630346533363737666234353531303130663134356334
34646236326333323964366139383834626636643363303639323930323737343164613261326435
34616362373038623538623762666466343536646138376663336133646666333331343232636264
30653163643836636438616131303363623538323138303636383637643839313439333030383939
34383233396661626438323266306637663836383433656539346431616361363230613131633932
62306562663063333231306139363066636161356338616363303666356666316638636463653632
66663861393735316666353934646338363839383565636132313235663763326231326539386662
62303631633063373634393136336538336563383439626332316135653837613566303934653935
63356365623937636537626231666466653863623035616663363635306235663333396432353765
31653235646532346438376337343339346361336431623931326330396565393935653366643030
39393764353265303736633838306531393435623838613837653266653334386138383261666136
31353964363135613839663337646232636665653732306434333739346363663366616136396535
65613031383539663564386335393166373434356434666137303232346239333739353062383165
61613735333430393066653234623135306336663266616231336432333533353264633332363661
38626564383865303766653432623039616663346231663537666134356231313634366134303531
65303665343534373136366433613061626161356166653431323836666339386237626562653935
62343665323536613039666538616239316264303039383634396635306564623236336637643465
64616637316262346261656166356436356236656532623230613866653037356362346461393231
31343939383438353661656566376531646162326266323365653861363061623264616261323930
33356561666364653232373664643931353665643230663765376266376633343636303863393564
66643435323866373165306436396433366338333337633535316531626633343066393165653461
34656265383562336461393132643834323034353231356461353734643563613533356262353461
36323862626464666639393365373062656565643431356335336539366537613865316461323137
65336430316561636130343261353138343333326432616662303965353333623534363365353437
66313231303763303162396661313035303537313636383962386637633536313265353663363361
38326330383533313538346539666633383730383238353563373464373036343264306133633930
35313130656564653536396639616164336164633262646537393564306637326439383131386561
31613839346336643235326564326464663961356437663437353364303564386234376630383734
32613264386535643837646235386438363133643363313935373937613337663061616163613261
66386461653263373031326336366435646238396238653062633163653864626264323336333439
61643637663362633037336562323662656432323739633535343635663063633562626230373934
64323762303035323863303238306630643665376565653162306330626466386639353231346639
3766393865666362336133366636663764346139366564663765
