$ANSIBLE_VAULT;1.1;AES256
62363266666361336138343834363333663632323462336337363039623532393564663538343135
3935386533326533623836373238343763363966373431360a346363613630393237373332393665
30343936613436363230663732343736616362653831623865383063666234633839633832333039
3930613835306565340a616464383139343033663238643732343366313132663036383633633336
36666261383335316461346664373831353264333662623139333663346531363637663062303738
31623935356138663633653833336164333633366436343463333132363765643561623663343536
66613338633431356130643065373664383965396238393131363832353233353830613939313935
38346135343330613631346631656266323166353261633265303765343431653939343738303263
62333263636432623663333738313566323665613863396630313365613066653762666363356239
34653766326137613862396630323532316230323566333230663061306561613463616665623739
34323465363438353561323036343538393163306535336162616665663730633362343566386464
30306330393532643038346338396437643865643266633833383939393538303036636539313436
32356436356165336438663636393837646463393962643230356231373563313333373630626333
38653233663065656335393863383364313335626132636633336336313066396265633437666330
37383866613835323733333337366662306434396339666463326330653036363664623466643630
39366566663164306339623231613966326266313133343930303438363666303739636262613365
31393563363961643233663039373134613965363062663235313235626162643338653964633537
38656137353465646436626362636138353266376633346134633666306537316639343162353038
38323334313534336230623964383830353862333132653037336133633933323232393832663938
34333234646463316630383738313736303331373765386538363336373865376232613862663537
39356261623034356163376536343965363562643130313133336130306337306663643431333233
62633731616266633862303337393134303734383736656565353135636131616230396432636465
62653234336237383662363436316130373335653037393236353337376563343361363161303363
66393964633765313637333436636633336363656330316238323137316262623165626539383031
35326130646234313936663933393965373533316365383966393564633163306565643037666266
63343336343532333731373562666537363832626666366562373933346137393136393631363934
39393065633066396531613832373636306131316536376532346637653536343464666339663363
38313039383530623635316465313436373231626664626130626664643433636634323165663964
32313138376439653762316266343037303330303064376262323339626561653461643336323333
64333337356133306131396235663537303861386361313134633339336466333262636163653037
65613636306539666437323862386362616164613037633263666133383665626166356630663937
31636131316135643831336539363939363237383165343434623766636638623064323031666163
65346335653930613365336432356362613461656464363131333462346565316536383233393933
31386366336261386563636566373936666264656238643839316266383032666430666438306666
36343536303238363665653837616138653430316537373761623333613263663038646561616565
61613762336136613331303964386265356662356630386463363361616563383233616461336362
62313862303735643239346464393162386134663031356132333362303533376363353061653264
66643137336531636436313664636339326661333461303235613431356164323563376635316263
34653435326532376338633865303730643765363935353262313539353130396331396465363866
63326362373332333765613266313965666239313731623238623136303839326233643663306533
38373965326631356132323435386637326530363263623039323664316664343863303764626433
30396366313462623430656433326337633039353434333362306536303737383765343262323461
35616632316637623961646233386138323433346564343736663263613436316434653636663236
39363730396532373332393364363532303361316133613634643164366636383738313932623462
63303237623235363862666530343766346563303165343835303632386437383638643436613563
36356166383966653065306130353166653735393664656636626365613936613661326263393334
31386336303832363934636465353266663861383765666634383333306563336533303335353533
62623634393365656464663131303664363034353463393661633534626439633261623933303139
32343232383266386137633630333136303535333565613061626162336433393937633266393235
35306564353765623935333163383231366632316537613138346239393836653639353362353439
63333236626439333736396430656634636661383834386332653463626533663161643333666563
64303932393266366665383763613137393135353538653131323862303734636330353964636465
66653461346134613766303762323964653532353566656236323437643961336633643132383934
65663432333431633865306636653731626637396230303531343564363835643063613737633731
38386565313462336630316665353364666237323462383538613134613334346563396239626433
66393933313865383366313037386664643666666131333535343665366666636265643062363032
36373131396638663938643838313864383131373261396464613630393861346635353730633330
30313433396564313666383234333036633634356566386332316663363236643432383132333132
66653434346336386136343838613132623361666664613935656134356338323865633762623363
61333736306435353032356661303337363965616665653538376261336435333633396335623863
37383737663530623839316633353232623666656535376637303136363239396632613236326464
33653635306438373632623563353733336537316566616366616532366439346363303734383534
31383330656164326663613139663737343561313732313362353761336366326466616563303866
34633364353339316163633534393530656165636563353735373338386266616532333237663835
61383264616331363837613334353439626539623037303634353666646561306330643766393238
36643431373866323866643363343963663135333261313664323864376663656462323531346234
39386330653163356661353733343664353365613830623536343536356438323730316233336563
30666538626465656165393966326339376564396363653430633464656637343537316632323031
65666436623733313636353038313637396466636236653931623631653261333234376163663061
65666463306466653066623661613764663166326131313734343834613837303461333832376338
33636436373538653835346333373035626162386166666366366234386238316339343430303434
34343364663630326263373337623535386536613661623138643130303533396536616236646264
37373530663837386264393636336631323938616138343634396430303864333361303564366266
30383837313765326466633638313461303533323939623364646662343266386365316330313262
33666239376532653966633438383166353061373261323939643236666235636663373230323063
66363861333138613932313836313438613334643061336233373162613063623139636365643337
63633362653132623138323763653264363063633661656361643135323931633766623533363065
38366639386430333831636261333861643939633139353964323130373936386363316232383832
30613163633235373635376630313136353733663466353431306233336163353237653961303830
62636265646231643630663137313762386337303265326438356366643937636364653565663633
61653932356464666333663963343364626466663239316439376466366264643261646132636438
64363431613565646166346265316534623161656137636366396136366230396139393230343931
35653835386565666235646132303230393661336632636634393635613837633233663764363738
30636563316438366366373830386431636165326264323662393832633039376165666335306364
66303163653165303532336438393662646439656564616139356466646561346437633361616332
33623136316232383565666331643138363634663736343532376333363038393733376238386136
63373661616437616136656536306532666234303234666266653032643136363262316536383461
39383331303864633864333464353534653565363133333731646438323962353530336339316366
62376131333162643866366465373164653633623263373532363036386536633837383539653634
30326463393030366665343230373833393861393862306437663332643661366361613132366563
34363163363461643339346137306134396162353839356364623438646330623931396230336435
66366361616531356466363337393638393931663139616232623839323033656233393762363964
38613566653437303663346432613332616634363432333466643762326538326430363834653331
39303765626438616133663566653232333934653339396237326436636138323935636666303632
38346465616565373364396438626431353437343037333031306535313664396239393563343835
34653338303431623730356463613931383436323533306532336364636337653731626463323033
66666530376631613166343635363933326233613164616135343761653734353734616132353765
31646530363165636239376234613462393133653232663634353239666233653732616365306363
64303039323238313463643832646139666664363262396236366163376632663933323261653234
37613436323161636231643633333766303364653234383734323639313861383364643436306630
38363462393037343261663266336632376238303533616635326439663235333862373134333939
63653964326235313264366539313765363630393332373161336363353665303238633861653362
65646438353165326638663134656663666231643031626634363936643835343831333135343433
32353439346230303863623566646433626434343235343464303530313835326132386337363665
38313163386164616236373939646132633461653962383438366166343933396531633134623661
37383832323034646362333037633865353334343732326264396163396637613065643539386432
39613839616637323861633965666134646361363934643262386135303535393531353434633465
35303563396237613861653537333161616362303238656164366530613332333937376636346632
64303266666130643463626565326537613938383532393163613436666164656661353834346631
34353736316565653535383937343732636364373533313236623835636166353336376130363564
35653636376639626263656539306164393538663863393139396335356639303032383636343332
65383262366665333033346237626464316530366563303161363238303565633931333566613035
36383735363630306465653730363233383766653231653662343030316438313566323732313466
32383435646539613933396332393935333231373039373765396430636535323539373230633833
65653162376462386136643538323932336536633131373030643132373462383762303634326139
39396537613538626637633031343863633661326464356237336436383234383832666662376633
31616433613563383162333732313262366561363633346666386566396462313730393366343334
65333338383235663832363233393430363032396535363064323330393562373734653030363761
313962393439303631656661383531653365
